datasetName datasetIndex -- trainTime testTime sumTestTrain (for: OneClassRF; 		iForest; 		  OCRF(ONLYSUMTESTTRAIN); 	OneClassSVM; 				LOF; 					Orca(ONLYSUMTESTTRAIN!!!); 	LSDA; 				RF(ONLYSUMTESTTRAIN!!!).)
adult       1  						1.76  1.73   3.49		1.27  1.17   2.44	  2000				19.99	  6.38	    26.37		7.03  11.72	18.75			10.59				1.09   0.54     1.63		2000
annthyroid  2  						0.56  0.35   0.91		0.30  0.30   0.60	  57.21				0.36	  0.18	    0.54		1.03  1.89	2.92			0.76				0.24   0.08     0.32		2000
arrhythmia  3  						0.39  0.05   0.44		0.14  0.04   0.18	  8.73				0.00	  0.00      0.0			0.04  0.07	0.11			0.48				0.01   0.00	0.01		35.16
forestcover 4  						19.38 14.31  33.69		18.40 9.31   27.71	  2000				2000 	  2000      2000		59.56 94.33	153.89			774.14				6.86   3.88	10.74		2000
http        5  						29.02 28.13  57.15		42.36 15.20  57.56	  2000				2000 	  2000      2000		2000  2000	2000			1529.92				50.01  7.12	57.13		2000
ionosphere  6  						0.20  0.03   0.23		0.10  0.03   0.13	  2.12				0.00      0.00      0.0			0.03  0.05	0.08			0.35				0.00   0.00	0.0		14.24
pendigits   7  						0.77  0.48   1.25		0.37  0.34   0.71	  429.53			1.32	  0.64	    1.96		1.66  3.07	4.73 			2.06				0.31   0.12	0.43		2000
pima        8  						0.13  0.04   0.17		0.17  0.06   0.23	  5.35				0.00	  0.00	    0.00		0.12  0.21	0.33			0.35				0.02   0.00	0.02		17.72
shuttle     9  						3.34  3.92   7.26		3.49  2.79   6.28	  2000				100.74    35.27     136.01		20.39 31.90	52.29			75.91				6.80   1.05	7.85		2000
smtp       10  						4.23  4.47   8.7		3.35  2.48   5.83	  2000				113.84    31.88     145.72		12.11 24.70	36.81			35.49				6.13   1.14	7.27		2000
spambase   11  						0.34  0.17   0.51		0.22  0.11   0.33	  59.47				0.19      0.11	    0.30		0.85  1.42	2.27			1.22				0.28   0.04	0.32		632.32
wilt       12  						0.44  0.19   0.63		0.20  0.16   0.36	  67.16				0.16	  0.08	    0.24		0.73  1.33	2.06			0.54				0.21   0.05	0.26		858.75
