datasetName datasetIndex -- trainTime testTime sumTestTrain (for: OneClassRF; 			iForest; 			OCRF(ONLYSUMTESTTRAIN!!!); 	OneClassSVM; 				LOF; 					Orca(ONLYSUMTESTTRAIN!!!); 	LSAD; 				RFC(ONLYSUMTESTTRAIN!!!).)
adult       1   						1.83  2.08  3.91		1.19  1.20  2.39		2000				16.20	6.03	  22.23	  		5.11    9.45  	  14.56			9.42				1.05   0.55	1.6		2000
annthyroid  2   						0.39  0.26  0.65		0.19  0.20  0.39		65.02				0.54	0.31	  0.85			0.82    1.59	  2.41			0.66				0.31   0.13	0.44		2000
arrhythmia  3   						0.36  0.05  0.41		0.12  0.03  0.15		9.30				0.00	0.00	  0.0			0.04    0.07	  0.11			0.38				0.01   0.0	0.01		33.17
forestcover 4   						19.97 15.62 35.59		15.86 8.13  23.99		2000				2000 	2000	  2000			59.93   95.18	  155.11		733.75				6.18   3.35	9.53		2000
http        5   						29.5  29.21 58.71		42.25 14.97 57.22		2000				2000 	2000	  2000			2000 	2000   	  2000			1368.83				51.41  7.05	58.46		2000
ionosphere  6   						0.36  0.06  0.42		0.10  0.03  0.13		2.47				0.00	0.00	  0.0			0.03   	0.06	  0.09			0.38				0.0    0.0	0.0		12.42
pendigits   7   						0.67  0.44  1.11		0.32  0.32  0.64		458.94				1.35	0.72	  2.07			1.48   	2.7	  4.18			1.81				0.42   0.17	0.59		2000
pima        8   						0.13  0.04  0.17		0.10  0.04  0.14		5.20				0.00	0.00	  0.0			0.07   	0.13	  0.2			0.26				0.01   0.01	0.02		18.12
shuttle     9   						3.13  3.81  6.94		3.87  3.35  7.22		2000				95.99  	33.12	  129.11		15.91  	27.67	  43.58 		76.24				7.42   1.07	8.49		2000
smtp        10  						3.99  4.26  8.25		3.51  2.76  6.27		2000		 		118.93  34.22	  153.15		12.21  	22.70	  34.91			38.52				5.98   1.15	7.13		2000
spambase    11  						0.49  0.29  0.78		0.21  0.11  0.32		55.71				0.22	0.15	  0.37			0.52   	0.86	  1.38			1.49				0.25   0.04	0.29		593.87
wilt        12  						0.39  0.16  0.55		0.16  0.14  0.3			68.29				0.14	0.08	  0.22			0.54   	1.06	  1.6			0.46				0.22   0.07	0.29		752.19
